"x.cod" <-
structure(list(N = structure(list(Sex = structure(as.integer(c(1, 
1, 1, 1, 1, 1, 1, 1, 1, 1, 1, 1, 1, 1, 1, 1, 1, 1, 1, 1, 1, 1, 
1, 1, 1, 1, 1, 1, 1, 1, 1, 1, 1, 1, 1, 1, 1, 1, 1, 1, 1, 1, 1, 
1, 1, 1, 1, 1, 1, 1, 1, 1, 1, 1, 1, 1, 1, 1, 1, 1, 1, 1, 1, 1, 
1, 1, 1, 1, 1, 1, 1, 1, 1, 1, 1, 1, 1, 1, 1, 1, 1, 1, 1, 1, 1, 
1, 1, 1, 1, 1, 1, 1, 1, 1, 1, 1, 1, 1, 1, 1, 1, 1, 1, 1, 1, 1, 
1, 1, 1, 1, 1, 1, 1, 1, 1, 1, 1, 1, 1, 1, 1, 1, 1, 1, 1, 1, 1, 
1, 1, 1, 1, 1, 1, 1, 1, 1, 1, 1, 1, 1, 1, 1, 1, 1, 1, 1, 1, 1, 
1, 1, 1, 1, 1, 1, 1, 1, 1, 1, 1, 1, 1, 1, 1, 1, 1, 1, 1, 1, 1, 
1, 1, 1, 1, 1, 1, 1, 1, 1, 1, 1, 1, 1, 1, 1, 1, 1, 1, 1, 1, 1, 
1, 1, 1, 1, 1, 1, 1, 1, 1, 1, 1, 1, 1, 1, 1, 1, 1, 1, 1, 1, 1, 
1, 1, 1, 1, 1, 1, 1, 1, 1, 1, 1, 1, 1, 1, 1, 1, 1, 1, 1, 1, 1, 
1, 1, 1, 1, 1, 1, 1, 1, 1, 1, 1, 1, 1, 1, 1, 1, 1, 1, 1, 1, 1, 
1, 1, 1, 1, 1, 1, 1, 1, 1, 1, 1, 1, 1, 1, 1, 1, 1, 1, 1, 1, 1, 
1, 1, 1, 1, 1, 1, 1, 1, 1, 1, 1, 1, 1, 1, 1, 1, 1, 1, 1, 1, 1, 
1, 1, 1, 1, 1, 1, 1, 1, 1, 1, 1, 1, 1, 1, 1, 1, 1, 1, 1, 1, 1, 
1, 1, 1, 1, 1, 1, 1, 1, 1, 1, 1, 1, 1, 1, 1, 1, 1, 1, 1, 1, 1, 
1, 1, 1)), .Label = "Unisex", class = "factor"), Year = as.integer(c(1971, 
1971, 1971, 1971, 1971, 1971, 1971, 1971, 1971, 1971, 1972, 1972, 
1972, 1972, 1972, 1972, 1972, 1972, 1972, 1972, 1973, 1973, 1973, 
1973, 1973, 1973, 1973, 1973, 1973, 1973, 1974, 1974, 1974, 1974, 
1974, 1974, 1974, 1974, 1974, 1974, 1975, 1975, 1975, 1975, 1975, 
1975, 1975, 1975, 1975, 1975, 1976, 1976, 1976, 1976, 1976, 1976, 
1976, 1976, 1976, 1976, 1977, 1977, 1977, 1977, 1977, 1977, 1977, 
1977, 1977, 1977, 1978, 1978, 1978, 1978, 1978, 1978, 1978, 1978, 
1978, 1978, 1979, 1979, 1979, 1979, 1979, 1979, 1979, 1979, 1979, 
1979, 1980, 1980, 1980, 1980, 1980, 1980, 1980, 1980, 1980, 1980, 
1981, 1981, 1981, 1981, 1981, 1981, 1981, 1981, 1981, 1981, 1982, 
1982, 1982, 1982, 1982, 1982, 1982, 1982, 1982, 1982, 1983, 1983, 
1983, 1983, 1983, 1983, 1983, 1983, 1983, 1983, 1984, 1984, 1984, 
1984, 1984, 1984, 1984, 1984, 1984, 1984, 1985, 1985, 1985, 1985, 
1985, 1985, 1985, 1985, 1985, 1985, 1986, 1986, 1986, 1986, 1986, 
1986, 1986, 1986, 1986, 1986, 1987, 1987, 1987, 1987, 1987, 1987, 
1987, 1987, 1987, 1987, 1988, 1988, 1988, 1988, 1988, 1988, 1988, 
1988, 1988, 1988, 1989, 1989, 1989, 1989, 1989, 1989, 1989, 1989, 
1989, 1989, 1990, 1990, 1990, 1990, 1990, 1990, 1990, 1990, 1990, 
1990, 1991, 1991, 1991, 1991, 1991, 1991, 1991, 1991, 1991, 1991, 
1992, 1992, 1992, 1992, 1992, 1992, 1992, 1992, 1992, 1992, 1993, 
1993, 1993, 1993, 1993, 1993, 1993, 1993, 1993, 1993, 1994, 1994, 
1994, 1994, 1994, 1994, 1994, 1994, 1994, 1994, 1995, 1995, 1995, 
1995, 1995, 1995, 1995, 1995, 1995, 1995, 1996, 1996, 1996, 1996, 
1996, 1996, 1996, 1996, 1996, 1996, 1997, 1997, 1997, 1997, 1997, 
1997, 1997, 1997, 1997, 1997, 1998, 1998, 1998, 1998, 1998, 1998, 
1998, 1998, 1998, 1998, 1999, 1999, 1999, 1999, 1999, 1999, 1999, 
1999, 1999, 1999, 2000, 2000, 2000, 2000, 2000, 2000, 2000, 2000, 
2000, 2000, 2001, 2001, 2001, 2001, 2001, 2001, 2001, 2001, 2001, 
2001, 2002, 2002, 2002, 2002, 2002, 2002, 2002, 2002, 2002, 2002, 
2003, 2003, 2003, 2003, 2003, 2003, 2003, 2003, 2003, 2003, 2004, 
2004, 2004, 2004, 2004, 2004, 2004, 2004, 2004, 2004)), Age = as.integer(c(1, 
2, 3, 4, 5, 6, 7, 8, 9, 10, 1, 2, 3, 4, 5, 6, 7, 8, 9, 10, 1, 
2, 3, 4, 5, 6, 7, 8, 9, 10, 1, 2, 3, 4, 5, 6, 7, 8, 9, 10, 1, 
2, 3, 4, 5, 6, 7, 8, 9, 10, 1, 2, 3, 4, 5, 6, 7, 8, 9, 10, 1, 
2, 3, 4, 5, 6, 7, 8, 9, 10, 1, 2, 3, 4, 5, 6, 7, 8, 9, 10, 1, 
2, 3, 4, 5, 6, 7, 8, 9, 10, 1, 2, 3, 4, 5, 6, 7, 8, 9, 10, 1, 
2, 3, 4, 5, 6, 7, 8, 9, 10, 1, 2, 3, 4, 5, 6, 7, 8, 9, 10, 1, 
2, 3, 4, 5, 6, 7, 8, 9, 10, 1, 2, 3, 4, 5, 6, 7, 8, 9, 10, 1, 
2, 3, 4, 5, 6, 7, 8, 9, 10, 1, 2, 3, 4, 5, 6, 7, 8, 9, 10, 1, 
2, 3, 4, 5, 6, 7, 8, 9, 10, 1, 2, 3, 4, 5, 6, 7, 8, 9, 10, 1, 
2, 3, 4, 5, 6, 7, 8, 9, 10, 1, 2, 3, 4, 5, 6, 7, 8, 9, 10, 1, 
2, 3, 4, 5, 6, 7, 8, 9, 10, 1, 2, 3, 4, 5, 6, 7, 8, 9, 10, 1, 
2, 3, 4, 5, 6, 7, 8, 9, 10, 1, 2, 3, 4, 5, 6, 7, 8, 9, 10, 1, 
2, 3, 4, 5, 6, 7, 8, 9, 10, 1, 2, 3, 4, 5, 6, 7, 8, 9, 10, 1, 
2, 3, 4, 5, 6, 7, 8, 9, 10, 1, 2, 3, 4, 5, 6, 7, 8, 9, 10, 1, 
2, 3, 4, 5, 6, 7, 8, 9, 10, 1, 2, 3, 4, 5, 6, 7, 8, 9, 10, 1, 
2, 3, 4, 5, 6, 7, 8, 9, 10, 1, 2, 3, 4, 5, 6, 7, 8, 9, 10, 1, 
2, 3, 4, 5, 6, 7, 8, 9, 10, 1, 2, 3, 4, 5, 6, 7, 8, 9, 10)), 
    N = c(472457, 172835, 162647, 135592, 112548, 51297.2, 41974.6, 
    27548.5, 12444.9, 17569.8, 262806, 386744, 140900, 127383, 
    89481, 57003.5, 25276.4, 20682.7, 13574.4, 14789.6, 425777, 
    215126, 315234, 110164, 83310, 44279.4, 27395.7, 12147.8, 
    9940.07, 13631.7, 628953, 348515, 175177, 243911, 68056.4, 
    35289.4, 17986.6, 11128.3, 4934.5, 9575.04, 207659, 514819, 
    283750, 135313, 149252, 28043.6, 13910.1, 7089.79, 4386.47, 
    5719.29, 360187, 169979, 419340, 220242, 85064.5, 66414.1, 
    12017.7, 5960.96, 3038.23, 4330.7, 401021, 294838, 138537, 
    327544, 143288, 41522.2, 31452.5, 5691.34, 2823, 3489.8, 
    229905, 328279, 240556, 109431, 225994, 81035.3, 23020, 17437.3, 
    3155.29, 3499.83, 234366, 188208, 268022, 191374, 78262.4, 
    139010, 49119.3, 13953.5, 10569.6, 4033.99, 186469, 191858, 
    153635, 212839, 135635, 47150.4, 82426.3, 29125.4, 8273.75, 
    8659.21, 328677, 152646, 156559, 121550, 148043, 78200.3, 
    26682.1, 46644.4, 16481.8, 9582.26, 213028, 269049, 124446, 
    122667, 80396.6, 75417.8, 38773.5, 13229.6, 23127.4, 12923.2, 
    185820, 174379, 219301, 97299, 80223.1, 39780.6, 36242.2, 
    18632.7, 6357.52, 17324.3, 530062, 152109, 142176, 171976, 
    64652.2, 41347.5, 19972.3, 18195.8, 9354.78, 11889.8, 510445, 
    433905, 124050, 111789, 115866, 34500.1, 21545.5, 10407.2, 
    9481.53, 11070.2, 277039, 417840, 353751, 97211.5, 74005.2, 
    59157.3, 17146.8, 10708.3, 5172.47, 10214.4, 117558, 226770, 
    340337, 274491, 61009.1, 32776.5, 25222.2, 7310.69, 4565.57, 
    6560.36, 192850, 96225.4, 184656, 263295, 169428, 25779.4, 
    13278.4, 10218, 2961.71, 4507.36, 146381, 157860, 78414.3, 
    144007, 169858, 80880.4, 11919.2, 6139.31, 4724.34, 3453.36, 
    260156, 119826, 128727, 61586.9, 96463.6, 89343.5, 41500.5, 
    6115.85, 3150.14, 4196.07, 232307, 212955, 97654.7, 100481, 
    39924.8, 46644.9, 41884.4, 19455.5, 2867.13, 3443.94, 103293, 
    190152, 173406, 75546.5, 62012.4, 16863.4, 18888.4, 16960.7, 
    7878.34, 2555.62, 242279, 84547.9, 154780, 133613, 45581.6, 
    24510, 6350.95, 7113.6, 6387.62, 3929.58, 301904, 198312, 
    68823.3, 119317, 80830.9, 18159.7, 9311.52, 2412.77, 2702.51, 
    3919.59, 112824, 247134, 161698, 54003.2, 79529.8, 41990.2, 
    9194.56, 4714.58, 1221.63, 3352.89, 226670, 92358.2, 201626, 
    127672, 37178.2, 44739.6, 23148.4, 5068.78, 2599.06, 2521.85, 
    66566.4, 185554, 75361.1, 159420, 88524.1, 21274.9, 25116.6, 
    12995.4, 2845.6, 2874.86, 265870, 54492.4, 151433, 59697.5, 
    111593, 51809.5, 12232.8, 14441.7, 7472.2, 3289.2, 255701, 
    217641, 44450.3, 119350, 40716.8, 61373.9, 27881.6, 6583.15, 
    7771.91, 5791.32, 263285, 209311, 177419, 34796.1, 78562.4, 
    20488.1, 30030.4, 13642.5, 3221.15, 6636.54, 343564, 215516, 
    170582, 138482, 22551.7, 37964.7, 9598.29, 14068.7, 6391.29, 
    4618.17, 87727.6, 281228, 175601, 132845, 88662.9, 10549.2, 
    17172.8, 4341.67, 6363.81, 4980.01, 310215, 71812.9, 229330, 
    137941, 89063.6, 46737, 5425.48, 8832.03, 2232.93, 5834.17, 
    378867, 253943, 58587.1, 181008, 94794.7, 49886.8, 25646.8, 
    2977.22, 4846.56, 4426.82)), .Names = c("Sex", "Year", "Age", 
"N"),